

```python
from numpy import *

random.rand(4,4)
```




    array([[0.92160683, 0.92341545, 0.70312604, 0.46008994],
           [0.76008853, 0.61462893, 0.08381766, 0.61936107],
           [0.39158615, 0.12204778, 0.15988647, 0.91739767],
           [0.23406135, 0.18281228, 0.68928465, 0.4282949 ]])




```python
randMat = mat(random.rand(4,4))
```


```python
randMat

```




    matrix([[0.51237444, 0.12481282, 0.43970011, 0.84310547],
            [0.83909411, 0.08764147, 0.21135364, 0.31766009],
            [0.32606905, 0.58395433, 0.03423023, 0.91329098],
            [0.66559407, 0.23968649, 0.64482171, 0.91789457]])




```python
randMat.I
```




    matrix([[-0.01803419,  1.62484514, -0.02704519, -0.51884347],
            [-5.48901601, -0.12962268,  1.38148635,  3.71207813],
            [-3.11221545, -0.97312093, -0.84570581,  4.03687217],
            [ 3.63273803, -0.46075987,  0.25297783, -2.33954828]])




```python
invRandMat = randMat.I
randMat * invRandMat
```




    matrix([[ 1.00000000e+00, -5.55111512e-17,  0.00000000e+00,
              0.00000000e+00],
            [ 0.00000000e+00,  1.00000000e+00,  2.77555756e-17,
              1.11022302e-16],
            [-3.05311332e-16, -5.55111512e-17,  1.00000000e+00,
              4.99600361e-16],
            [ 0.00000000e+00,  1.11022302e-16,  0.00000000e+00,
              1.00000000e+00]])




```python
myEye = randMat * invRandMat

myEye - eye(4)
```




    matrix([[ 2.22044605e-16, -5.55111512e-17,  0.00000000e+00,
              0.00000000e+00],
            [ 0.00000000e+00,  0.00000000e+00,  2.77555756e-17,
              1.11022302e-16],
            [-3.05311332e-16, -5.55111512e-17,  0.00000000e+00,
              4.99600361e-16],
            [ 0.00000000e+00,  1.11022302e-16,  0.00000000e+00,
              2.22044605e-16]])




```python

```
